,WC
0,-43.784207833149594
0,-116.87004663099103
0,-123.3184347315038
0,-129.1039955245867
0,-125.74644278091861
0,-128.0127333508042
0,-131.0805722852209
0,-134.3195839183361
0,-128.0645015907461
0,-132.4027007981722
0,-127.56960284450099
0,-131.68244555978075
0,-132.14154886334404
0,-129.13474056407406
0,-129.7485936057515
0,-127.79781689991728
0,-131.7618684779569
0,-127.0922928283342
0,-131.3371007474914
0,-136.23109019098962
0,-131.00803475711095
0,-132.84763015338655
0,-124.1289681533284
0,-132.15593641384459
0,-133.65261086035483
0,-134.45821094937435
0,-129.2736852011986
0,-131.26381250518438
0,-131.77954729323204
0,-129.91231495002634
0,-134.09064260988782
0,-135.02949545790364
0,-131.06799679316174
0,-129.672708077967
0,-132.57969181182975
0,-131.47939068089278
0,-134.80845704365723
0,-133.28110967507237
0,-135.61603618946515
0,-134.94557934776617
0,-126.7045909570173
0,-130.80045381719432
0,-131.05780554586872
0,-129.10775189771906
0,-130.5210494244646
0,-129.47966769853664
0,-130.76763505064892
0,-132.3600574905142
0,-131.44830651312682
0,-132.90581800953677
0,-132.785207132584
0,-132.27576234420826
0,-135.56726833847935
0,-132.8277127014599
0,-131.17519745222262
0,-130.52818594344325
0,-130.52893738207752
0,-131.07355966557023
0,-129.34056306454434
0,-129.9355837233198
0,-131.74560351228598
0,-131.33683073554212
0,-133.87530747969768
0,-128.31995123639362
0,-132.11869071694267
0,-134.8565584936935
0,-134.03913998612393
0,-131.51678527776747
0,-130.78575662185702
0,-132.9906014963599
0,-133.54976243396806
0,-131.63124806531155
0,-135.8881461028264
0,-136.27892973628286
0,-132.99975405400954
0,-133.6959105477683
0,-135.5126185454667
0,-134.65324177508813
0,-132.30986145267636
0,-134.31853856906332
0,-136.39989672788485
0,-129.28532498590914
0,-130.7297797520277
0,-128.99173984262413
0,-130.08352041025032
0,-131.64637928275647
0,-129.3185738636361
0,-128.80088693376544
0,-128.72031635494892
0,-131.6575793756454
0,-131.90088361956794
0,-129.48036596280343
0,-130.6952249369211
0,-130.31006127345304
0,-130.74883769217112
0,-129.77943820964185
0,-129.73057135397568
0,-129.87106724786528
0,-130.8298234822892
0,-131.07995685741847
0,-129.06707736735606
0,-129.14286723143144
0,-128.92805861128775
0,-130.01212724224374
0,-130.5326179860154
0,-131.3949579127009
0,-129.47490409068214
0,-135.3171289588502
0,-130.5230981724764
0,-128.8205391032247
0,-130.1027447551175
0,-133.1824882725287
0,-131.80426032931442
0,-129.44848105659895
0,-129.52778771578525
0,-128.07263475341716
0,-128.55613578097925
0,-128.59033502639713
0,-129.20234700261994
0,-131.27975308669264
0,-129.96787771437104
0,-130.95301642981926
0,-129.79361235724966
0,-126.91516714950303
0,-130.72451760370532
0,-129.78470327330717
0,-131.78950833127442
0,-130.63489490708926
0,-130.79866657455753
0,-128.7619712194784
0,-129.14485298278618
0,-131.82608345711103
0,-131.4548107865761
0,-130.26574498482887
0,-130.50354441493948
0,-134.52612317123186
0,-132.97991973848116
0,-132.74261144858417
0,-131.24903967922896
0,-129.25491762180914
0,-129.11258496681023
0,-132.2925659155386
0,-134.19241213591
0,-128.5268023197857
0,-129.33891424914145
0,-134.16532034934744
0,-131.21793333208242
0,-137.8270905875445
0,-132.37750990603067
0,-137.28957606543594
0,-135.0234736360988
0,-134.58932515027217
0,-134.5471171743599
0,-130.84769196684823
0,-134.27412160314202
0,-133.34917564107164
0,-134.45189862623405
0,-132.2538476812696
0,-136.14967887504167
0,-136.83725935977182
0,-132.50035608987443
0,-133.5450911097854
0,-131.5730674807395
0,-129.14478526032576
